~v varFloor1
<Variance> 75
 3.912040e-02 3.839127e-03 1.925434e-03 1.225065e-03 1.248662e-03 6.008734e-04 6.873022e-04 6.287261e-04 4.792490e-04 3.360390e-04 3.248614e-04 4.926121e-04 2.935765e-04 3.505359e-04 3.908950e-04 2.316170e-04 2.058512e-04 2.206581e-04 2.366413e-04 2.055081e-04 2.774176e-04 3.087435e-04 3.608270e-04 4.644377e-04 2.550491e-04 6.998457e-04 1.691661e-04 8.236901e-05 6.504088e-05 5.172842e-05 4.444615e-05 3.877720e-05 3.426671e-05 3.213725e-05 2.912444e-05 2.827277e-05 2.848758e-05 2.726055e-05 2.748307e-05 2.637491e-05 2.693987e-05 2.441931e-05 2.624191e-05 2.495596e-05 2.473833e-05 2.623120e-05 2.654379e-05 2.861951e-05 3.144396e-05 2.598434e-05 7.137344e-04 2.102069e-04 1.368432e-04 1.221014e-04 9.549916e-05 8.918639e-05 7.753154e-05 7.214108e-05 6.843039e-05 6.455274e-05 6.290145e-05 6.096181e-05 6.158646e-05 6.371845e-05 6.188016e-05 6.119409e-05 5.796862e-05 5.985465e-05 5.707704e-05 5.648656e-05 5.953502e-05 5.761058e-05 6.042657e-05 6.100103e-05 5.632649e-05
~v varFloor2
<Variance> 1
 4.829503e-04
~v varFloor3
<Variance> 1
 8.023744e-06
~v varFloor4
<Variance> 1
 1.944087e-05
